0906650350
0913977618
0907393537
01217211071
0906014483
0901319227
0902967803
0903828736
0938148768
0903141388
0933775445
0903056865
01683939168
0906518809
0919939542
01252221801
0918275183
01236978848
0938620759
01616222226
01616485005
0913179441
01661212620
01619471462
01619545001
0918394912
01621107620
01614482262
01615531166
01618280988
01621531090
01664322201
01611351158
01621236820
01618251662
01621533052
01621023052
01621021240
01619160987
0916620161
01619452862
01617502286
01617581662
01672916620
01613181662
01618061151
01673017620
0909728729
01614201762
01615440933
01212201692
01615241156
01619191662
01690014620
01619481762
01622251186
01682421972
01611212207
01682150014
01620121462
01620141166
01620461762
01682017620
01619543152
01612213152
01612311137
01620001372
01620233052
01621003052
01621011051
01684051220
01617539720
0908408921
01674621620
01615410988
01615421462
01654946201
01613361620
01622191862
01682656201
01684214620
01623481000
01623221562
01694011315
01614067220
01620435620
01620083152
01620550903
01620475001
01677412210
01620171146
01620211362
01620013620
0906773673
01622357620
01610488620
01693250050
0908391210
01623146620
01263747240
01614173152
01618071315
01691831520
01613213152
01613521101
01622184620
0989196487
01619481562
01694915308
0943502323
01673513620
0913620161
01614021153
0912827486
01614053620
0989691007
01617441620
0913610309
0951521162
01622101162
01622301262
01640511862
01623159620
01620053152
01620541562
01617155620
01622431362
01691111000
01623306620
0918061102
01611044116
01617491262
01622012401
01682850050
0919975634
01622181162
01622291315
01611093152
01612311262
01619303620
01676762970
01682156201
0922395555
01664416201
01613413152
01613561109
01619283620
01285947373
01621561162
01622301230
01619054620
01620063152
01620531136
01675711362
01690515620
01623215027
01614293620
01621037126
01621091131
01613152401
01613525005
01685013620
0906647730
01613303620
0903332705
01618371116
01619401116
01621551162
01622305005
0903186391
01685313620
01612174562
01618521222
01612381203
01614352217
01693022410
01694511942
01619161240
01619191942
01619204102
01619202410
01683309222
0921122175
01619192522
01622161500
01620472822
01616591163
01615131732
01690228320
01622283032
01621301214
01620401212
01615492222
01611551008
01619233132
01619281462
01615351462
01615531821
01616192942
01616212066
01618361942
01618401500
01611319320
01622582322
01665121620
01620545001
01610431652
01692565201
01622181114
01242016120
01242016130
01683444013
01685416320
01675044848
0903845529
01621078320
01614060907
01615521500
0909535766
01692512222
01693320220
01620022022
01619593202
01619592016
01621211420
0963169627
01622332532
01683422220
01615091732
01692151017
01692622722
01684927220
01610328220
01623186021
01674421220
01604220320
01618045121
01623151001
01683512622
01610342622
01618212091
01681115620
01613160907
01613171420
01619162303
01620183032
01620241093
01613265102
01613310441
01673913420
01620042022
01620052812
01621552912
01663822220
01613387320
01621481280
0901385967
01613581242
01614041452
01621461200
01622011462
01621232201
01610001100
0903975570
01672717320
01612581752
01613330932
0963881212
01614482122
01615008520
01683015001
01613242132
01613292165
01675616520
01662345720
01621412022
01622022022
01621013202
01621111114
01623051532
01603413201
01662114201
01615431113
01610010011
01683923201
01615281510
01613295102
01613311932
01619551932
01621080989
01203201613
01614232922
01616182922
01620201280
0909621912
01612222722
01615582471
01299447678
01620282622
01675309081
0927220161
01692812620
01691311711
01621472181
01613181552
01619321552
01619331552
01619391552
01619404620
01621472001
01622131632
01612551632
01612592022
01620572022
01620581114
01623031542
01682513320
01614161146
01617151146
01617161126
01623182122
01680821620
01620541002
01621372132
01610561123
01613161232
01613191125
01612225220
01617242162
01617511093
01610481562
01610492852
01613332852
01616282942
01622403520
01622361542
01683354201
01613371193
01622131932
01622141173
01622541200
01683516320
0916320161
01600063201
01623351320
01227220162
01614011272
01620141282
01614002722
01614393002
01615542322
01614412322
01614422322
01695023220
01622412022
01622451163
01675116320
0906344656
01622522522
01685324220
01610041632
01611011632
01611371632
01610381163
01610401011
01610151156
01610383124
01613401242
01613411116
01616251162
01616451415
01614342832
01615301942
01620232042
01682309088
01619432322
01616142322
01616171165
01623017520
0910033201
01612502122
01615491111
01615531100
01616554201
01617061320
01612277320
01663655201
0907010131
01612201090
01685215620
01615292201
01615311420
01691126220
01618201122
01623002322
01665050010
01614312028
01615322642
01612166420
01616161420
01620372222
01620422932
01623143032
01654109774
0986272201
01613543320
01612552022
01623191170
01615131562
01612520988
01613551202
01620162022
01620301152
01623502522
01685931090
01694725220
01618362162
01620221156
01616511562
01618091420
01621303132
01611063132
01611101280
01615482272
01623121156
01619491662
01690210073
01614251101
01614291283
01616002002
01616131146
01671914620
01616562832
01616571007
01614098320
01691546201
01654441020
01610595232
01615483159
01683915920
0920162234
0994272595
01611312592
01616382112
0902515737
01617302280
01619362229
01614186102
01683312700
01635453700
01619063216
01619466115
01611513120
01614151562
01614161131
0906765255
01620448102
01690041020
01684922102
01612420988
01615211087
0937721721
01622301152
01673850050
0903966558
0920162138
01680230916
01620441892
01685856900
01616571159
01619210909
01684110920
0920161856
0968816014
01690729201
0908998911
01612503920
01229399010
01671719201
01622204501
01610304742
01614432742
01614590909
01616051213
01616131004
0903706810
01619481432
01620011240
0902055345
01613281173
01614431393
0908838357
01612551032
01613511410
01682263201
0937809698
01616155320
0944118388
01613122822
01614140518
0906818611
01612452522
01612521217
01621591722
01623521212
01615132162
01615141764
01642028122
01665211052
01661110520
0908434049
01610618920
01610082442
01612131210
01615585001
01616042226
01684811320
01619082401
01619471158
0966057299
01619436320
0903345132
01623202922
01610102098
01614022822
01614151262
01618012622
01618121573
0918344206
01694526220
0938351005
01622492622
01617582094
01621562202
01621571231
0908544264
01619261722
01619262240
0907885668
01201660230
01664111151
0913979386
01621481181
01604628120
0978555343
01619462422
01618082121
01619054102
01615291107
01267172217
01201610492
01201610505
0908329535
01601116920
01622101292
01663711592
01663715920
0918476729
01622001822
01691462912
01617501291
01618181210
0902511536
01616122812
01617063212
01617355341
0903599321
01692428120
01621171170
01622293253
01622148420
0938613559
01610041892
01611120902
0933159201
01684219920
01614110908
01617162522
01619445001
01675519220
0909493698
01618051722
01623565031
01621031732
01621121203
01617401450
01691423620
01617261189
01694618920
0909818596
01614541132
01618051549
0903756869
01614202322
01619562712
01617102712
01619091411
0937643371
0937987766
01621532232
01622001209
0908069238
0948406464
01692021220
01692316420
0977822634
01612282822
01614121195
01615009520
0988863027
01621412912
01621471111
01621151170
01621231090
01664026120
01619480988
01684226420
01613093113
01613011132
01613581281
01621520988
01621560908
01614382192
01617402112
01612442282
01616480938
01610311782
01611071098
01622251822
01691010909
01618395820
01614041116
0903173400
01694209881
01694314219
0919995699
01623172522
01690911942
01622370988
01681912201
01673828120
0918536879
01645724220
01623491170
01680189201
01663112812
01615402201
01615411115
0918013048
01201617213
01201621131
0906900039
01615442320
01612442201
01612561271
0938699607
01675515220
01612360988
01612591249
01620002492
01620021962
01651396201
01610177820
0933888698
01612422032
01614431113
01620201320
01612262822
01614121120
01620357820
01618362022
01620330908
0963911822
01614041182
01614281124
01672078201
0903717158
01614051132
01614265006
01600918220
01684622620
01201616137
01610461100
01992086309
01618551132
01619493102
01674531020
01621191492
01682221220
01621579420
01614322242
01618555224
01618591090
01611502200
01617561320
01610317420
01616072132
01613342132
01613451090
01612462032
01614551232
01612540988
01612552592
01619442692
01612323102
01610393102
01615331652
01615276520
0920161857
01680218220
01619361500
01622378320
01618215102
01684530520
01619051352
01614114500
01614122132
01695824012
01610132342
01611010988
01611241252
01616597820
01613062822
01614141274
01613041170
01613061892
01621439920
01622581170
01623145520
01613591169
01618501792
01683511420
01621081001
01673610420
0972792042
01642128122
01665325201
01670211462
01610551462
01610591232
01620417820
01611471822
01611551222
01252201661
01663911842
01614374500
01615402522
01611002522
01611011172
01622171172
01623551722
01619473182
01685212262
01614302201
01615522722
01695427220
01622361822
01674711020
01611520532
01621502922
01621511100
0909691703
01616232822
01614082032
01674112032
01610222622
01614202622
01615071922
01623255202
01603617102
01621258102
01685989201
01617451932
01619591100
01611491762
01622201962
01614292852
01622430988
01690050192
01621573320
01623018320
01619441822
01619541163
01620391632
01620449291
01622212146
01691411620
01615171315
01620393152
01620423152
01619290988
01619344102
01618225102
01684641020
01615262192
01613432192
01617351892
01622041199
01684055201
0955201683
01617041170
01617201352
01680945000
01617242642
01613010988
01690712442
01622544500
01685919920
0920168031
01680615920
01620255920
01611001842
01613351342
01602313420
01293201671
01613215320
01620195311
01617203112
01620391311
01616081170
01621482912
01615442912
01616432812
01662209881
01675811492
01620261592
01684017134
01602213420
01612391822
01612581098
01612201320
01618311922
01618461203
01615192032
01615261192
01613301922
01613581274
01616207420
0976351552
01680759201
01620412320
0922209211
01613168102
01685812149
01620551592
01684009164
01620421722
01623542812
01613382812
01613451572
01615441170
01615461610
01604161020
0908055061
01619353920
01232016924
01692815620
01610031052
01619131052
01619358002
01619522692
01612311169
01612521692
01617191149
01619221492
01619490109
01613151092
01613481242
01616101170
01616151183
01690711832
01691221922
01623332022
01682017720
01683029120
01621431562
01622071662
01690681020
01691651020
01683211510
01613085102
01613363052
01620574500
01691609390
01616461102
01617101102
01614401102
01614445520
01683514520
01683513520
01681311492
01620501592
01684011092
01613141092
01614569920
01662910010
01623161001
01623431572
01618151572
01622071321
01610121662
01610190903
01623471662
01690511562
01621061662
01690612812
01610428122
01665409032
01620588102
01690115102
01622216102
01683101653
01621056102
01683215102
01671251020
01615254102
01615271410
01614534102
01615251652
01622161752
01681413102
01610143102
01615341652
01611434500
01652016131
01617272102
01618592102
01614472102
01615191210
01614032102
01615192492
01610442492
01616253509
0922739322
01617022292
01617462092
01615372192
01680218920
01693511792
01621111892
01685710938
01615481892
01692511692
01614531692
01617191159
01623041692
01675535201
01690311592
01653115920
01264201621
01622011109
01614591192
01695323420
01614011234
01622304500
01612138920
01663319820
01682819420
01614031742
01620061742
01620071242
01615241242
01615271213
01615152132
01615211203
01616071220
01616090943
01613572032
01614171203
01613082201
01621281183
01614461220
01618321632
01619461450
01614471103
01620461032
01621041096
01695310320
0932016225
01685412320
01612241093
01651926220
01684712422
01691024220
01622032422
01683523220
01620032322
01693023220
01615082122
01615092022
01616251202
01616591182
01613221822
01613481172
01618441722
01623590919
01612351220
01680911220
01673012201
01620522912
01621432912
01642211705
01674210122
01613549620
0937770821
01619391032
01620311282
01614342822
01615292042
01694020420
01613311320
01612612016
01613301632
01675710409
01683217420
01614571512
01611521220
0909750715
01613341320
01625211705
01670365201
01619492322
01693223220
01612382201
01613581254
01655722542
01685511320
01613011202
01620102022
01620251182
01622331922
01682130120
01201615011
01621181532
01621442244
01620522442
01621001182
01616481822
01617171352
01618231352
01618251272
01615422722
01616031271
01664622712
01619231262
01622502722
01610381203
01613211203
01614485110
01614221170
01614252922
01621500988
01621551214
01614021170
01614037320
01613241462
01635821462
01683011542
01618081542
01618318620
01693426220
01610371206
01612112322
01612151102
01620272210
01615198102
01615432101
01691722220
01683112042
01613284500
01613326102
01611121710
01683319201
01685521220
01618581224
01613044500
01613061342
01622081041
01622110509
01623483320
01617412222
01618520902
01611431922
01612211222
01682881020
0902562696
01613372032
01614511742
01623161842
01693013102
01613483102
01615332192
01613442192
01617347119
01613431320
01610012209
01201612264
01201614111
01615302712
01617241272
01622332822
01614111234
01620151452
01681518620
01613368620
01693417102
01673917102
01611241532
01621003153
01621151261
01680526120
0908046658
01613401892
01692671020
01683146711
0903698208
01620501862
01682014508
01621202102
01611491102
01620302102
01611512261
01664670202
01694022620
0928012262
01616101132
01621181132
01622211501
01239396193
01680712102
01611471762
01618161170
01619553102
01653331020
01612482592
01616370902
01619227820
01680312812
01650228120
01619268102
01685893201
0932016224
01673317320
01618242201
01618302722
01622432822
01614111090
01613281162
01615591962
01611414500
0962016114
01619251462
01682711062
01621241162
01613371142
01620261142
01620301210
01615582102
01618591092
01622531500
01610121110
01621571162
01613391134
01615121173
01621101500
01613411194
01617041194
01621261281
01623581193
01652811932
01620271952
01620221842
01614131301
01615301932
01616280937
01621341842
01614131113
01612151311
01614301204
01620311114
01619571311
01611061153
01622191213
01622061219
01613021204
01694012812
01616321932
01622501103
01644712812
01613411301
01615341742
01610416320
01617301001
01694618420
01212032016
01615132032
01612331922
01660813112
01615401123
01618221209
01611133012
01621438719
01612232122
01622042271
01621251122
01611221708
01620041232
01612241442
01617504520
01623031281
01610371542
01618062242
01613032203
01623177420
01612241162
01615161162
01615512422
01620312222
01610081742
01614461219
01665411732
01612301219
01665411562
01617001252
01622322322
01618171090
0920161620
01695311932
01613542201
01614027001
01618372122
01610401120
01617092222
01615504427
01601140140
01622192032
01619541142
01623061792
01619212100
01664979201
01620198620
01622021450
0982016180
01622592228
01616232322
01617401652
01619462321
01618082522
01618542032
01622391132
01612111032
01619461822
01611512820
01617370164
01620101822
01621349311
01611051259
01613053201
01682926120
01619022032
01615161922
01621461162
01619172392
01623451032
01617101742
01621172892
01610101091
01220238012
01201695012
01614532241
01615111241
01615141201
01611521222
01610240909
01610352200
0954780218
01622067320
01641810524
01611282124
01662524120
0978566366
0909466700
01620412191
01620521115
01619472212
01619571141
01621451241
01617535122
01611333423
01612452112
0908105434
01618431912
01618581612
01265045872
01618249120
01612011232
01612460907
01616037320
01620590937
0909881897
01623147632
01615341170
01615365002
01623032022
01623123012
01610580988
01201611041
01201614302
01201615051
01231120152
01617134150
01611541141
01604630151
01685491220
01613564120
01620121220
01620441592
01612590988
01613092212
01614430988
01615124122
01613311221
01617291912
01620171002
01620451221
01623062312
01670924120
01623131312
01674312203
01675112412
01618282412
01618371201
01613452201
01201614411
01683622011
01690011492
01615161492
01615492112
01616011170
01616036122
01211120151
0909119421
01672416720
01621315001
01220238019
01621371274
0982456752
01201615031
01201615071
01621421412
01621471712
01621471412
01621480902
01620301912
01620451212
01201693121
01617211124
01619431102
0908102465
0913309244
01652455383
0934825198
0913866688
01234743323
01614321235
01614340982
01264996240
01622434244
01682645000
01682709027
01619203062
01619282410
01614422242
01614465847
01266108270
01614502242
01614531562
0908125577
01615442642
01615470908
01604330620
01605420720
01643443062
01690522342
01619351170
01621031126
01655823620
01616153282
01614211123
01621151236
01622271421
0903774512
01617372862
01617391091
01619366520
01660604274
01685721585
01617051382
01617272257
01612452672
01680924530
01613352472
01615590123
01618492172
01620035005
0983393741
01613551672
01615081720
01673630620
01618072452
01618280123
01621092742
01621545000
01663527720
0990975223
01620157720
01661511705
01680844212
0948123134
01692129420
01623142172
01611101450
0909539567
01622122042
01622161108
01688068787
01620520420
01685757201
01619481195
01619551206
0909220152
01615372042
01616582862
01616162862
01616171195
01690426511
01680347201
01269669501
01621252742
01685810907
01622161582
01615492012
01665529720
01622181672
01653109348
01621053920
01613062442
01613062242
01660428012
01664510164
01616102742
01685811572
01621031572
01622042452
01692724520
01618411772
01615031287
01664028720
01610001720
01623062262
01680428016
01621287720
01620562342
01690501233
01612232342
01612250982
01655826520
01610472182
01610487820
01680312652
01622054501
01691850009
01674220520
0913958985
01616221572
01616271244
01622331121
01680730913
01682030620
01611512452
01680981972
01603409881
01681920520
01614462181
01622081672
01653113062
01685430620
01619152862
01619241272
01622404720
01675511705
01681620905
01611502572
01612054501
0909111942
01623497720
01620031170
01620161452
01622114520
01680411705
0988189724
01685610909
01663317720
0903110969
01692826520
0962944691
01621392342
01690010903
01674829720
01612514500
01612571093
01655212672
01680612244
01622352542
01685605157
01616081572
01622041791
01614081672
01652809833
01673322820
0902471481
01619435820
01622191820
01617183062
01617422362
01673423620
01620494500
01620502042
01694520160
01610412342
01620324500
01621021452
01610121452
01611272342
01614084500
01614165001
01622191772
01615030903
01613243172
01613471296
01612482962
01613201091
01612142472
01675228604
01681109099
01621382552
01621451286
01623302401
01681909189
01615462772
01685410906
01621402442
01682622832
0939524839
01620001237
01620451721
01672425720
0908848873
01600716520
01613431772
01615035820
01615591234
01615054500
01615146516
01610231772
01615041450
0944405845
01621281572
01622021244
01616212204
01631512127
01690626520
01616151267
01619091204
01674716720
01613452872
01611432072
01693226420
01614011772
01618471582
01619282962
01661323420
01623392242
01620012050
0982468839
